-0.4156893208270603	
0.5489030427321293	
0.7265357682077818	
1.5287460921183824	
0.7109839473637006	
1.0200137750295748	
1.4394738885461367	
0.7940649639944702	
1.564880995574118	
1.637361414244433	
1.5019381069398512	
1.4407375210005497	
0.5509480159419928	
0.6231696193026777	
-0.333491390584313	
0.11448114476429463	
-0.7600837839529745	
0.47860992579065575	
0.7090687530569162	
0.6504072332578165	
0.018157204413146166	
0.8535892409665828	
1.1820265708772397	
1.6499594520741723	
1.1998065458750478	
0.7244632340259703	
0.887773092804182	
1.835317661767187	
1.1984776878081487	
1.9279620899836134	
1.5481259781421093	
1.0817991356386853	
0.5908860736411203	
0.43381241931638226	
-0.5378520445649289	
-0.8336688781063639	
-1.7129649561726543	
-0.7436188325297872	
-1.3790520825561992	
-1.977551686290785	
-1.310920418795231	
-2.08686455014141	
-1.2241019995882443	
-1.1919307480959465	
-1.1640600569359831	
-0.9335588301765904	
-1.163430415292976	
-0.8928345239533525	
0.2029291918153679	
-0.9054021650209424	
-0.21389001222866155	
-0.12997471592300028	
-0.3528106357659595	
-1.097680986292815	
-0.6083575826351681	
-0.8347283929005602	
-1.2138953519958644	
-1.5823760881678988	
-1.274714354391378	
-1.8847626398610986	
-1.2914204270354146	
-1.4265173570965606	
-1.8037840404530434	
-0.40252762788537544	
-1.0004120964940224	
-0.220487459239404	
-0.33492392797511206	
0.29750935900445474	
0.7644671570916746	
0.13478670543866345	
0.756894058138402	
1.7604040581460851	
1.1229182669578113	
1.959972549938866	
1.2387046836463402	
1.3548687374326251	
1.4030208487258842	
0.5267468924973774	
0.6829855328941661	
1.1533626672979216	
0.8554463963344453	
-0.4494335670914893	
-0.03826123334489345	
-0.09302125553677007	
-0.25109453083872835	
0.726227467267859	
0.32429950701289356	
0.9254636146853056	
0.6305788988948391	
1.268406038477079	
1.055360776702978	
1.0240175804294056	
1.6861713033791936	
1.285429253009314	
1.6343122480917802	
1.203101218819298	
1.0340807013355617	
0.4311489991412242	
-0.21011951257920136	
0.2586234726045842	
-0.2019502001020932	
-0.363228020846561	
-1.1473112579202855	
-0.70804786015908	
-1.2688430684806415	
-1.407148980257862	
-1.6096685561077055	
-2.337674127553922	
-0.7357522630116962	
-0.9545046648030608	
-1.0565259423982483	
-1.184733810146187	
-0.25537584534077346	
-0.7197461998908643	
-0.05867732087351821	
-0.0407553172256764	
-0.3831289406634312	
0.3750586955159414	
-0.5564807184764529	
0.0317086378808277	
-0.24404836046723988	
-1.3921032415353687	
-0.843171222614954	
-0.8825357453020746	
-1.51913333872985	
-1.2441288861307953	
-2.1786114650978954	
-1.7542888326315795	
-2.1187190595766667	
-0.5572417352443116	
-1.349883337602975	
-0.7830081790943595	
-0.9301230115946235	
-0.5753013011546311	
0.3543337588209208	
0.6982903964115126	
0.8101259819182371	
0.7443086141872832	
1.5503392372991178	
1.915938659852673	
1.3403828337565786	
1.4930469848464216	
0.8851251652765701	
1.5220979518606308	
0.9153609178519511	
-0.10817591656941261	
0.6569939594487143	
0.28404933426838475	
0.5697138188812916	
-0.24917139021861545	
0.09094660030763572	
0.3072930109859959	
-0.3654613788297665	
-0.2895440844506668	
-0.06396885809569419	
1.4913045293315035	
1.025392011997155	
1.4105964784356508	
1.4836517724135316	
0.9622920861633565	
1.2480314270446269	
1.670103578977188	
0.9964974068203278	
0.9115805967580731	
1.7324691174797164	
0.16382979311215218	
0.3132216301333607	
0.12389420246649749	
-0.30590852204056207	
-0.8322653524498016	
-1.1982777652500258	
-1.6046976201346126	
-1.3335690693564135	
-1.4641879054550444	
-0.7763559946169385	
-1.229244375831901	
-0.6033254018346654	
-1.4242102934771308	
-1.3908388169566257	
-0.8293639236821324	
-0.8819061650579487	
0.38110992767736385	
0.01343236871780945	
-0.6677850862818512	
-0.20915051296315362	
-0.11729581123908628	
-0.8174353187995991	
-0.4592242266383545	
-0.8334099246525167	
-1.0492205808603026	
-0.8911219545427678	
-1.3403465533142287	
-1.5385500762960933	
-1.1982770320369451	
-1.195049654023319	
-1.5311897650394157	
-1.2986926107906156	
-0.5937979710670527	
-1.048885299529564	
-0.3907999400683491	
0.5631200521898635	
0.6768402241445668	
0.21531726165055398	
0.8030793431658103	
1.4478093117696162	
1.244378179460874	
2.0275919867681833	
0.9989943829425713	
1.3162796547338198	
1.206144015227516	
0.29678793279122195	
0.9442552265077864	
0.9582049865805251	
1.1035265989109755	
-0.05245503025180259	
0.08226191238408351	
0.2820716627398268	
-0.4841538824493784	
0.3127606636569745	
0.3262858757146457	
0.6462895898617361	
0.6800615365911888	
0.9480964422235819	
0.8750043503372265	
1.670007081622351	
1.3200734484195706	
1.9850150682757817	
1.709022470163627	
1.4952093970115012	
0.8925802340284632	
1.623802799868642	
0.7331100214921162	
0.4562441004115772	
-0.08861887117363912	
-0.46116373307251624	
-0.6967217448028569	
-2.0928751403662904	
-1.2118969462475164	
-1.0724557593822694	
-1.6420583049004123	
-0.7520897350332032	
-1.7543660084278692	
-0.9964487136026268	
-1.0792458444889426	
-1.132512654895478	
-0.82181145926324	
0.05072959491077028	
0.5519382518608507	
-0.24157310496331247	
0.02631106416563414	
0.5053578398854763	
-0.049828806776307084	
-0.09092450147465368	
0.3533462687328136	
-0.3224596485372354	
-0.913529949848414	
-0.5447486900474945	
-1.2695833362292572	
-1.0821837051171768	
-1.8743633880418662	
-2.0176832427549436	
-1.2370427734212033	
-1.612277975212204	
-1.5683750761077002	
-2.048927435874306	
0.02703444432103419	
-0.4060797527489659	
0.42440864702206976	
0.4922465922975908	
0.7029543207005682	
1.3296139975671923	
1.442922053628936	
1.5138983499676852	
1.5799684839373458	
1.1047063189145605	
0.9671260533527914	
0.9740630292870232	
1.4388616958988716	
0.857871840859668	
0.648070279516963	
0.15635256418781332	
-0.5457216965920797	
-0.3092726684209707	
-0.2614064914196598	
0.48028938017515205	
0.20980286382085414	
0.2450220575500873	
0.7490488042961243	
1.088834723604296	
0.7938081676312324	
1.183386283102169	
1.8954844865717755	
1.6393198635993047	
0.7591543601804535	
1.1199335873019722	
1.0360716371067888	
1.8311307431272406	
1.2286912482991619	
0.47504743550065565	
1.1507001266187966	
-0.8299982143076364	
0.03482171061408107	
-1.7349181820224646	
-1.5024025850772669	
-1.1246612486194423	
-1.7995476964351487	
-1.8520709528009782	
-1.5679758219754674	
-1.117937131375499	
-1.5194885388578068	
-0.49040252460701694	
-0.8368052237255394	
-0.9585331954720777	
-0.18947393624342534	
-0.1822870030025263	
-0.20407943805886633	
0.2840736350056124	
-0.33185404221354753	
-0.1854627027119397	
-0.36524017649927537	
-0.4090576990636348	
-1.1908924514147459	
-1.1049468562258407	
-1.6115072897301848	
-1.7925463359689215	
-1.8046166538888029	
-2.3283554130016824	
-1.0177442384456594	
-1.1642602342516906	
-0.7099406900884341	
-1.2180803305724146	
-0.6533660174807736	
-0.7427028193422774	
0.5159456736313892	
0.17808425201909073	
0.794387748989527	
0.32748677100302415	
0.993761187596403	
1.5629464620904934	
2.272796942974644	
1.0675039299019806	
2.371744662568843	
1.3539688772094272	
1.6978089441767157	
0.07483615595025017	
0.8095233397488979	
-0.13164800284248357	
0.4376892893880743	
-0.5259607079013354	
0.37218394885439393	
0.139120649314702	
0.3698029909102185	
-0.7464153211597319	
0.8504203802354995	
0.5568522455892011	
0.7013595998392184	
1.0768174631146041	
0.7932983561656517	
1.590708494890032	
1.6693606608987215	
1.0024618977283326	
1.3048903688445552	
1.1680531630930984	
1.193658331594606	
0.4831870010897132	
0.4666713905142303	
0.34065382488017104	
-1.0805794719160362	
-0.21386528271505162	
-1.5415703772567733	
-0.9620444305277702	
-1.2842511100818061	
-1.7759202568149823	
-1.196442319073793	
-1.7972803136012594	
-1.1813932911913994	
-1.5508918316567029	
-1.4061809321125767	
-0.5312580265365225	
-0.21293009688782255	
-0.1625563767364633	
-0.6373616266488649	
-0.09420919207886955	
0.5131522257292618	
0.9282058371208343	
-0.37750366286117265	
-0.9155789727790052	
-0.8489556677076086	
-0.6873310243491941	
-1.578987969542092	
-1.7369610319207243	
-0.4828228246676819	
-2.215627114125766	
-0.7302273838656612	
-1.3433107004868787	
-1.045798013960897	
-1.752603811171805	
-0.8420428404000936	
0.06482865615516586	
-0.022620638586868885	
0.02949746076139549	
0.9641771509871314	
1.0821588955165535	
1.8007075750694117	
1.5580932614945346	
1.7852135744032387	
1.667166471816114	
1.393909807875462	
1.4684027065245995	
1.161743669937592	
1.5473323072155944	
0.2846886815355716	
0.6572943706889883	
0.11494404956522558	
1.1014388260539523	
0.40008772356490757	
-0.4242978913669863	
-0.09366594077143219	
-0.11830070556818936	
-0.1422780822554181	
0.42000920818451165	
-0.014297005348320124	
0.8289072970188521	
1.0968264071897256	
0.44952076175644406	
1.295105255870809	
1.4952898381054494	
1.770771693058884	
1.3275061280903422	
1.4698904116339075	
1.9402913068530039	
-0.14931986681363296	
-0.29943593917436406	
0.08375535427251665	
-0.2021354525588718	
-0.8328463823383121	
-1.612756278905119	
-1.4717108859315304	
-1.179920288749258	
-1.8862980173184845	
-1.3440922842670948	
-1.3939942985906848	
-1.181295174533315	
-0.4687094079829769	
-0.974920632742623	
-0.27764457167509465	
-0.5528912876544338	
-0.22114181702769797	
1.105222669040741	
0.5001322474154852	
-0.13054175910710797	
-0.07103707801068904	
-0.23427263025708386	
-0.4619170355293832	
-0.26021742034067025	
-0.814221674809698	
-1.1785349795444642	
-1.2247424561520852	
-1.7654690028539408	
-1.2206534951145023	
-2.189764587933504	
-1.484960214052529	
-0.8338989287031731	
-1.2051533066749789	
-0.9428682348341815	
0.27771537275421654	
0.2096116237252027	
0.20935794029747223	
0.9745517043205788	
1.337637417896889	
1.0520570199829753	
1.2159385417743784	
1.6529129569562588	
1.637507971079439	
0.8174867506395248	
1.3423363079426494	
0.37137205166440457	
1.421260338713655	
0.7688554496478895	
0.6805822080857956	
-0.9421677435114535	
-0.2774993223241154	
-0.6611419511186672	
-0.017357975149650633	
0.2351878721699805	
0.2447746722376043	
0.1718302625774823	
0.5308426940248816	
0.696118484034974	
0.6773901155179477	
0.6373411680223267	
1.4735190440261507	
1.5289160566543578	
1.1652704106938587	
1.524644091311945	
1.5493215827208626	
1.086702342532933	
0.08869098841538392	
0.6969756151352915	
0.7823878114525062	
-1.0014358470656926	
-0.4670026463842674	
-0.597231522995555	
-0.6026825889066078	
-1.2245214929918284	
-1.5311937228580086	
-2.1723390971574004	
-1.6778437486596642	
-1.3470583186461618	
-1.8775387320293175	
-1.4624408226264056	
-0.9395451185689273	
0.13206456350011975	
0.18483959442758702	
0.29722725246810944	
0.2743886470543392	
-0.9252299373827372	
0.07204997724517169	
0.48333396184463406	
-0.028216450255352715	
-0.3228682151590719	
-0.8020943968489535	
-0.841873278291766	
-1.6298783865187023	
-0.8475753320854391	
-1.7849135285868818	
-2.2637648665506376	
-1.353199825072235	
-0.9683352797651712	
-1.5415976737657795	
-1.366896578057009	
-0.46238154532596426	
-0.4636261286247778	
-0.4450338116890086	
1.017549684313114	
0.7481186821303806	
1.3624711043851958	
1.7039439865656087	
1.3960233081479374	
0.7378293592424008	
2.345424674041854	
1.252463676422129	
1.2343631743216967	
1.7818950402798963	
0.49147127514973815	
0.44032312969177806	
0.2934517139322925	
0.07219452690077702	
-0.43630149367029947	
0.26565072272847984	
-0.676743402059412	
-0.5790859123821073	
-0.1908325094239618	
0.8954066110812209	
0.8556179322174645	
0.38812814648288485	
0.19667719480006773	
1.3367478684206326	
1.860436250734455	
1.092896005735004	
2.3863918674476925	
1.4222924410713365	
1.1304317423981585	
0.901238537925577	
1.4360422855222383	
-0.06326974902321286	
0.16618566463804907	
-0.37919329885401204	
-0.2092052745814661	
-1.2722834520877682	
-1.629787738486461	
-1.625387178254154	
-1.4100834952951644	
-1.0910045079832336	
-1.4536515856632748	
-1.1264124302839216	
-1.0559430502990392	
-0.4041927247654278	
-0.4774088426497197	
-0.07188422222503571	
-0.04462156992511346	
-0.5701156067764583	
-0.27190695632926715	
-0.38656226812569544	
-0.022425675148907066	
-0.3110666910995967	
-0.6650189097282319	
-0.7408142222874154	
-1.1785195461380438	
-0.6514168702026759	
-0.2637419246943964	
-1.624344430818089	
-1.7483723367706352	
-1.6888402043479567	
-1.5381620101314575	
-1.0248503703681162	
-1.7053870296310714	
-1.238158978945805	
0.043830897945659864	
0.2674319939062187	
0.4891276927003728	
0.8622786125862043	
1.1430678964854832	
2.0103215044030125	
2.0745753121257047	
0.9817837682606847	
1.95254488742402	
0.8110619139657191	
1.8596854517583805	
1.2871755308122494	
1.314420735394968	
0.8097371367474842	
0.262871173924249	
-0.1686409930140696	
0.21410297273361192	
-0.4595823062073752	
-0.35438430264878973	
-0.5705602405816627	
0.6512417006259097	
0.6011972472717999	
0.3460803751658562	
1.003069049749047	
1.5351980103122527	
0.9731708950234689	
1.621905968391435	
1.6919166434864739	
1.7460618629962383	
1.37094446805344	
1.4225367476923585	
1.0442506079420555	
0.7139453354023796	
0.46852576478700686	
0.60054883315177	
0.08588260136397353	
-0.7900043404295644	
-0.835132777782956	
-1.6382729886895362	
-0.8437629775426938	
-1.0243688820427284	
-1.641533638229531	
-2.0653306221227963	
-1.0816472245518398	
-1.0654728400529252	
-1.0174813686517818	
-1.021305121249362	
-0.7625182983107089	
-0.2528630837163906	
-0.11027305822694788	
-0.03329097387581502	
0.23982768370547497	
-0.13847062978447466	
-0.44278264031072756	
0.5648097868062182	
-0.36228583037844675	
-0.39694057268162514	
-0.8956720291901701	
-1.2068206190496853	
-1.0997932487951383	
-2.138911121146168	
-2.251550622562059	
-1.8608652916510346	
-1.8921553303932406	
-0.7507317160107765	
-1.0771049164539164	
-1.7975134813451417	
0.06600836669673171	
0.24685999377210133	
-0.3641766811083893	
0.8052019467288599	
1.1663610452932458	
0.9266437913940535	
1.0548517903957602	
1.269785954071999	
0.5794275296205786	
0.8014939997039194	
1.8535233335309926	
1.3784571163468864	
0.7075919729513873	
0.6064089753410098	
1.3185516692332273	
0.706399182885031	
0.24697554287384596	
0.39332349972403147	
0.4360155471359596	
-0.16903100118408598	
0.7518397336068596	
0.5700359185630627	
0.19622610645043692	
1.0157331688542381	
1.7420826508682015	
1.543476399583167	
1.4160365677010354	
1.8443214574445312	
0.9209697782066134	
1.3687475640751563	
1.6462920735747202	
1.780567359883688	
0.8459774994483019	
0.8060432804665228	
0.7964527325305936	
-0.8618508502475568	
-1.408700965705521	
-0.5644383882001274	
-1.3924370284010492	
-1.1341225354373798	
-1.9675713920057245	
-1.1494767119443932	
-1.3400845344775987	
-0.44625328430605515	
-0.9437206524392268	
-1.3158181889891272	
-1.062734681995551	
-2.192161801656696	
-0.7438279587038764	
0.03091395353282886	
-0.021665523952661032	
0.5010905358813493	
-0.2565587288743577	
-0.5811564715165825	
-0.6539989449557562	
-0.19130882558585388	
-0.6025919970891471	
-1.2500560557342548	
-1.0232989644033166	
-1.8683375811690472	
-1.3963600254439434	
-1.8962265377358194	
-1.1177416064568462	
-1.829554637117449	
-1.209915658361571	
-1.556526423503025	
-0.06498235206290781	
-0.10141032468298218	
0.10822773884974007	
1.299660963093676	
0.09190244049091167	
1.0555972569737333	
1.0080216699776452	
1.840112209535036	
2.4194593247771734	
1.6502998619621838	
2.1561657525227655	
0.5404289211741007	
1.5413362335907739	
0.8716463223179182	
0.664387278127112	
0.7404610500272815	
0.18004081965264412	
0.9769416473330222	
0.06369680724788612	
-0.5435050535568622	
-0.4179705146685234	
1.1937359925602953	
0.7934116734223147	
0.8233832926322111	
1.260880781156657	
1.0157980066300423	
1.577125344890235	
1.5055960721384756	
1.7996639319554224	
1.8179768515935835	
0.9683040252408898	
1.2547339489371396	
1.5548030668274793	
1.0746997984460802	
-0.07097739028375483	
-0.31742815120729284	
-0.360123618700387	
-0.872722919357774	
-1.4996323470879904	
-1.7906874872495349	
-0.9821590342471844	
-1.1391991768279945	
-1.8615423931437036	
-0.7217576659903535	
-1.1513792573486157	
-0.8297413621419558	
-1.3842297275682331	
-0.21213775637910426	
-0.25739434822310747	
-0.8547729826023052	
-0.0878065902894815	
-0.4141372195905656	
0.08504724729909324	
-0.6257325455951285	
-0.3179086663940639	
-0.6738200485741073	
-1.0860475060256825	
-0.28742470506872697	
-1.1662951367262915	
-1.2397359365894853	
-2.3342824262325284	
-2.7338197325531044	
-2.0127936924343373	
-1.067110583554189	
-1.9369023253377349	
-0.6790693772908392	
-0.44786697673239084	
-0.39399263996504474	
-0.07296716319598834	
-0.6062438448952583	
0.7370960463980013	
0.887917712637857	
0.9015274149763612	
0.9541273138114341	
1.6247645497353003	
1.6495570571752614	
1.2398757746624778	
1.3973864749272455	
1.5487704239101825	
1.2168354516142008	
0.5377320007000435	
0.5000010333242662	
-0.0828134746388362	
0.22447234779782513	
0.29519505973960275	
-0.4979188849246304	
-0.1298893309656306	
0.7458024938080958	
0.5478444332084855	
0.5412788435049166	
-0.10045559262099901	
1.5414582529839151	
1.0099490225801377	
0.6757838801451259	
1.7400167373847475	
1.4156273913098778	
1.4127177756552705	
1.5540504444205163	
1.1895961923864633	
1.400311867596015	
1.2742606822986347	
0.16301187018282118	
0.6020456113749526	
-0.6174010484084865	
-0.3888839207887248	
-1.4704664271132382	
-1.4078007455951966	
-2.29986286452073	
-1.6689093426898012	
-0.9571635641911785	
-1.7574759140279221	
-0.7075874088288256	
-1.0211121906756502	
-0.8809704356995667	
-0.29851321884481363	
-0.4108989399481411	
-0.603493815499668	
-0.23440819852177697	
-0.703986605025746	
0.5629567580744694	
0.04734704483640223	
-0.3175208259078586	
-0.5926387538182278	
-0.7768165267548706	
-1.1295644743448532	
-1.951552771859637	
-1.0749353715680294	
-1.7468470676699124	
-1.2947979173515092	
-1.8911017774944976	
-1.9551897622929457	
-2.253264873770122	
-0.8463641493191473	
-0.9828830830744748	
-0.3317301484453875	
0.36390645780807007	
0.6265246757657766	
0.8649379974330378	
1.237801675005503	
1.4888132059073826	
1.7918788884599774	
1.0991097553935736	
1.6069818625135652	
1.8510201769582806	
0.8811195422004081	
1.1044545722886712	
1.244359358435539	
0.5882663116248034	
0.7401431580321083	
0.09708698131904536	
0.07807542047534648	
-0.49560349694834793	
-0.6518747393038253	
0.25130323468792287	
0.32284848120432574	
0.8594765913460243	
0.0299519380494222	
0.984909075838883	
1.0830104723696155	
1.6214809822652256	
2.273244470677402	
2.1717917706932592	
1.7858978749049563	
0.5931396498456672	
0.9268661980373645	
1.0565541441208548	
0.940655246403141	
0.09299254494925013	
0.27874047403933133	
-0.8792547185669222	
-1.1449829383607	
-0.01380632245838298	
-0.7717844241278129	
-2.121900206419057	
-1.5066799030046152	
-2.122839450721043	
-1.507127513619039	
-1.9024907191242937	
-0.5685906985589422	
-0.7573774722315478	
-0.8232357864145383	
-1.0379285405946943	
-0.3894157719274098	
-0.31116873421831925	
0.10600335464888835	
0.3827346094026288	
-0.0030670356031915758	
0.5563206754496123	
0.22008471603606372	
-1.2114791205540851	
-0.3084676230315858	
-0.6177145709998619	
-1.644942962835374	
-1.526721234590595	
-1.3633177267496241	
-1.585483319057326	
-1.491008456936257	
-1.1472522112819579	
-0.9393053790055426	
-0.20902979565558233	
-0.8368341800848191	
-0.4803704052422354	
0.39433231578550293	
1.350461864522956	
0.9052082034526308	
1.22511300249669	
0.9699393255345675	
0.9094955835506351	
2.1229037829525494	
1.1733431138336397	
0.6757898065641543	
1.0300827669111203	
1.4918378458177377	
1.025369645352903	
0.7812506923322091	
-0.2930164662016206	
0.9046906965339058	
0.12732007932665135	
-0.1415499562893069	
0.2802465089889613	
0.23776962942276547	
0.36446601851477267	
0.8955702118306771	
1.3728017754246968	
0.9797525948927942	
1.3034947084224868	
1.308676982711976	
0.945122406207962	
0.9346633651340387	
1.3579826345328982	
1.6957881712019391	
1.8405723530112512	
0.750243113131108	
-0.24507863241214312	
0.23428922853546094	
-0.26078813041008986	
-0.32360746514307137	
-0.9229369770613904	
-1.36790287690462	
-0.719407812403225	
-0.9780864691110537	
-1.7661842431036012	
-1.800752028520208	
-1.4695854942490556	
-0.25026889254261553	
-1.4739363668232406	
-0.9558117927128539	
-0.4485661869598384	
-0.608083135065987	
0.035645873852262255	
0.11339887832382836	
0.760746767675265	
0.7079675081476003	
-0.4868795622709193	
0.2951769651854913	
-0.2932046913289285	
-0.15936254646152692	
-0.23298478028032343	
-1.304585119557045	
-1.3599169642575408	
-1.449228832098651	
-1.615293445820109	
-1.0929996702572908	
-2.383985000210852	
-1.5143371459349695	
-0.6777232972797196	
-0.12323466911946768	
0.01571784557971978	
0.08923405084312948	