-0.0007867062848081082	
0.1313786760643717	
0.20636870585873393	
0.6084724610640607	
0.5090248742674298	
0.9949318534201823	
1.5688988754336273	
1.0954765336741443	
1.2446128664296559	
1.7961335745021993	
1.7299608346435416	
1.5443439523757265	
1.462308130785024	
1.201172306480104	
1.387249032640812	
1.4489626812087109	
1.27091396227136	
1.2409961058649603	
0.9145662929728531	
1.1758622970637482	
1.0896349594544534	
0.3901142714956055	
0.6852301705112521	
0.6196880765545231	
0.6768413825626276	
0.40789466318401574	
0.4255314833427284	
0.10812824506798385	
-0.7577644790816138	
-0.2959416914531149	
-0.13756445450001573	
-0.007623396636923255	
0.054008177211021774	
-0.17619092756206	
-0.05037089719641144	
0.4092992491127569	
0.35347441695989934	
0.22687401045026592	
-0.21652068432207955	
0.578068778642907	
0.6168529496953218	
0.31562168432958937	
0.1421853896830686	
0.8412270234134471	
1.3029932658709433	
0.9772593451294447	
1.1088138779314285	
1.017280623887521	
0.8741439615522563	
0.9769795874835743	
1.3985307526615993	
0.7735910571127107	
1.351590541198247	
1.0110173352256475	
0.7617696360250628	
0.004321100972832115	
0.6485972453246265	
0.35831872899494754	
-0.10689203422069668	
-0.042311953356828136	
-0.7520794747946309	
-0.7098594180741596	
-0.8344097176879466	
-1.2559706576975782	
-1.3867253851449954	
-1.4583105750108232	
-1.2449216686642985	
-1.4968656777438003	
-1.7368215190540748	
-1.1551807579931022	
-1.5056979210360004	
-1.94896193079215	
-1.994172464311912	
-1.9582985502683767	
-1.9679265274442554	
-1.758227485125449	
-1.5473075855364515	
-1.2684492339216953	
-0.8840893655810429	
-0.6403305470635992	
-0.8900297062256981	
-0.7541808533824069	
-0.24823016922348462	
-0.45728786510788666	
0.1733600977117845	
0.09376056282256592	
-0.401105455949696	
0.4377759984078179	
0.32523483647430046	
0.08557119837069571	
0.33786429150726544	
0.4521465958562916	
0.40844745130496524	
0.42569671870549186	
0.2079176211704008	
0.7347130079299589	
0.19559389692859872	
0.45849641953586195	
0.12502445756863975	
0.2605959962446349	
0.37241853918144957	
-0.23424247797434022	
-0.23481858365889552	
-0.5235141209731485	
-0.5037040364012424	
-0.27238991090836934	
-0.6186065342657576	
-0.5723610085130582	
-0.30417111607128444	
-0.6448780853122104	
-0.14474220075553612	
-0.4919072234780422	
-0.43253135965943484	
-0.20475843367696825	
0.11055533371506532	
0.3698986902951209	
-0.05757857076696182	
0.8827465919945335	
0.32742926556181307	
0.5901463748933298	
1.0933920191078286	
1.2752833312831524	
1.3147840957607169	
1.4726059471807653	
1.517559090282042	
2.270029464337385	
1.5496755439743841	
2.3070904167999293	
1.6961977049843528	
2.0102261202267604	
1.8521280409135257	
1.7127251287014305	
1.801853864831388	
1.54487750753697	
1.6338666776453856	
1.8191742136252969	
1.5512439243704854	
1.2109698637016255	
1.3713590717793425	
1.125472159064846	
0.25298933572297044	
0.7344980078352127	
0.15692513255237117	
0.07942733063677965	
0.10568101807853192	
-0.5985361906394242	
-0.5526835854561296	
-1.0498939339558662	
-0.9616660063024307	
-0.8538447436464112	
-1.1844637553445896	
-0.887413646231844	
-1.0144123179525828	
-0.8290567156181355	
-1.2391553734918095	
-0.9271484650095496	
-0.9733605317551234	
-0.39862622360009714	
-0.7085885055757113	
-0.9130111171166896	
-0.43998180450271906	
-0.30405794442754946	
-0.3407251415707396	
-0.004011275970012884	
0.0198217084081308	
-0.09778246006182566	
-0.10345440901031923	
0.39587514063136375	
-0.08365014362198789	
0.16852962766084112	
0.6379289923260679	
0.3582736032313835	
0.18664919459220075	
-0.10558508944517227	
-0.40192667159035855	
-0.6577720131223714	
-0.4125232660749218	
-1.4101719548626273	
-0.8515565761267847	
-1.2865285136467164	
-0.8846957624920441	
-1.1867447495343575	
-0.8346075154709359	
-1.259423466572003	
-2.068260321612633	
-1.509533987583188	
-1.4993015569803634	
-1.5800099725647672	
-1.8359322798699078	
-1.643424396873217	
-1.3711207791997329	
-1.2838207833376083	
-1.7002937592386247	
-1.5529289410418505	
-1.132701684793596	
-1.1691303271134714	
-0.819056035096886	
-0.915522423474283	
-0.6617876680369794	
-0.3989971830878952	
0.08060209841136154	
-0.0324144797434448	
0.11864732607258621	
0.46574166569875336	
0.819874184174657	
0.7130172415200543	
1.3555779576663276	
1.4308406211959697	
1.628279990349151	
1.8615679917572587	
1.5874404768026178	
1.2468382038931054	
1.517432581373359	
1.6716869112975046	
1.5779711268746561	
1.2397508332550624	
1.2380520791810246	
1.8170441986771033	
0.973616623476896	
1.288322543773866	
1.044907975925637	
0.7746269988245892	
0.6156506796957883	
0.3941183739107415	
0.30941123448772234	
0.31872586451579693	
0.2865836425193693	
-0.282466210401927	
-0.25370652335970156	
-0.21540810980585048	
0.027570106527662994	
-0.015858703878909683	
-0.0623873961238761	
0.15024031757116368	
0.2264017866091463	
0.3672309638091255	
0.0985236124703153	
0.11465223103643851	
0.1484103367190044	
0.7320672526949428	
0.6254723123520911	
0.45836633725286946	
0.5991277035491067	
0.5262939389225032	
1.1473637805566252	
1.0928220560925073	
1.294594073322025	
1.1483277977389108	
1.338477639679196	
1.3563050210760221	
0.7265334748090052	
0.784503999883524	
0.9232108314999061	
0.6570962935016277	
0.5156995283322534	
0.600414598146221	
0.6048465473812683	
0.15427638482974043	
-0.5059779146719143	
-0.6051707999439311	
-0.6133514503272874	
-1.0250149868146536	
-0.8286559356026217	
-1.2052368361695767	
-1.3810385879398919	
-1.8503352933143125	
-1.3210860210117974	
-1.645937738295875	
-1.8669136891815454	
-1.8862351461168292	
-2.024084388830514	
-2.0296298008306004	
-2.551947667855968	
-1.8057940037265408	
-1.5574241995264118	
-1.8346112049353183	
-1.4886757497134757	
-1.2355337510799904	
-1.0462545202791504	
-1.1909627928551605	
-1.011296231467064	
-0.5854295973196603	
-1.0342261349684505	
-0.2062976573536048	
0.040070996792183955	
-0.0019188871825636528	
-0.0804147581856233	
0.27093886002952605	
0.30482219866739674	
0.31654725066947476	
0.6696306666986809	
0.18811981394299732	
0.5149118712675133	
-0.10261993512361356	
0.25464059623997626	
-0.10884599141591428	
0.24420011057715152	
-0.3884464008013985	
0.09134909286653811	
-0.1282243409116504	
-0.13277023761070078	
0.06499268481711774	
-0.36317615716380436	
0.40713304270005146	
-0.5760965099040743	
-0.15422960224855964	
-0.2900066194490436	
-0.5991803349587954	
-0.35128759423970823	
-0.8080921390723781	
-0.2408981705119207	
-0.15644633843889752	
-0.7765000238546065	
-0.20851685745714132	
-0.010982150770741583	
0.23078692377994064	
0.37105021616014094	
0.3768870201198994	
0.40903936621693837	
0.8523487982568624	
1.1113180103782732	
0.7143884286850268	
1.7205770029438505	
1.6923227969065708	
1.173344009302233	
1.7939425871106522	
1.8336039336555214	
1.9715174446814774	
1.928747353994682	
1.7067483684065317	
1.662265523634916	
1.8565822789114614	
2.1766345690554805	
1.4996061260824667	
1.6068250654357477	
1.5069710977083983	
1.2225102159590056	
1.0662297972166976	
0.8811128346772972	
0.6684456508466147	
0.20420534603776375	
0.6354585604769512	
0.19763947053065883	
-0.37137175059448085	
-0.3885051976037231	
-0.6269772660111024	
-0.34513780688553625	
-0.7706705156749826	
-0.7397502533495134	
-0.5412323328811455	
-1.5461642725653304	
-1.2714816175737147	
-1.4232972700982338	
-1.085512544575252	
-1.0131343126280583	
-1.0442354613067328	
-1.1284166948301524	
-0.8278187875184869	
-0.6899724933244988	
-0.6379047547441864	
-0.5934116906208184	
-0.30304211593378866	
-0.1423452452205426	
-0.07957131507233306	
-0.1947777536832714	
-0.0434373580263981	
0.15485433825086573	
0.0378782417991173	
-0.05252831595598394	
-0.055072651738868425	
0.37460688913919993	
-0.038680919587537256	
0.20747103972145203	
-0.020967251850410026	
-0.43380336261679797	
-0.011678897612558525	
-0.1018689690936273	
-0.6607903603567931	
-1.2879989862903152	
-0.9867752933488728	
-1.1092365215269526	
-1.384955305244611	
-1.3386220520918835	
-1.4262418228112284	
-1.5506504438994002	
-1.4577153800143878	
-1.6656718724119584	
-1.4607044399930615	
-2.3073001522418113	
-1.8752022994017497	
-1.3141934943552818	
-1.6158795552421283	
-1.3607419564107603	
-1.0848306821600109	
-1.282159287777454	
-0.8053930882147788	
-0.8433519142169084	
-0.9008452175264099	
-0.35244023939647745	
-0.31090669927801906	
0.020658440330435845	
0.49517343834990457	
0.16250068488275515	
0.8331799523384362	
0.8657955998442971	
0.8376380573058009	
0.7420536300184463	
1.6824136620713859	
1.3782300671215448	
1.0636052286517557	
1.4361024678081833	
1.7344089507596816	
1.8652801779271357	
1.5539372619910505	
1.894809215790401	
1.2681140843295915	
1.486082099362686	
1.323352548806556	
0.9989982904142601	
0.9663276319244237	
0.7497595244670973	
0.6039888501947287	
0.7549133114999304	
0.8578295748471517	
0.4276368241731832	
0.5423978636901101	
0.5545491237846043	
0.259997140511873	
0.20667328026078258	
-0.33568944084896907	
-0.6365642822781026	
-0.5247337406193033	
-0.10720830310085089	
0.1993657137178871	
-0.18137511154598346	
-0.06783988667604218	
0.30962880982358987	
0.11329864126444247	
0.29313020270569146	
0.4532167679944284	
0.9661014786975934	
0.36727937315494785	
0.8089031003430378	
0.848433307355062	
1.4051441270158829	
1.5542669793271968	
1.2127973417804554	
0.8877677424244916	
0.7456231305787968	
1.8479700409587898	
1.0617039782986764	
0.7644479024824974	
0.8991741243476046	
0.7226784670384496	
0.5876544566641544	
0.5765390777745082	
0.5027243834696602	
0.18952211104976296	
-0.3467974716221951	
-0.2595780469472653	
-0.7952729356404149	
-1.0627205606759458	
-0.7401195682217594	
-1.6441539773419518	
-1.6215431822589041	
-1.433097539947475	
-1.6004967022259218	
-1.6284991993529105	
-2.2422219471898517	
-1.809437935949335	
-1.9129252846888514	
-2.0418540448796185	
-2.256983487465608	
-1.6715000389877883	
-1.882465122550574	
-1.9782406866226279	
-1.8289562049056785	
-1.1045994594224882	
-1.2123146253139157	
-1.0074874600732873	
-0.8249224769334613	
-0.10950708853201074	
-0.520240425158482	
-0.25696123135767757	
-0.2255713892336749	
-0.1490095712116482	
0.28100448636610176	
0.45919556295175046	
0.19627806134403875	
0.31313985042352743	
0.061741463822669485	
0.3679885182608817	
0.6604963189152584	
0.7102945028244583	
0.5007797132274467	
0.28994767429208224	
0.2116925808436345	
0.632534156769021	
-0.22944286692861404	
0.11816470042793144	
-0.1683814752766759	
-0.20851450847360536	
0.03107555417940497	
-0.7507655104782283	
-0.21660014101689	
-0.9447430805948789	
-0.5776161260023187	
-0.5276766882620715	
-0.28944735761375656	
-0.25972832361118503	
-0.6100581270497353	
-0.7719966983096598	
-0.04200541270531344	
-0.10562828965001096	
0.12537020110435265	
0.18636222171489464	
0.7267309001925444	
0.2827517004434411	
0.03241750471636162	
0.6319315627892927	
1.2674197581212916	
1.0311437151520115	
1.4210898410663895	
1.6253023033730583	
2.0761559891057297	
1.4316594664559308	
1.703206955176238	
1.9704176087382095	
2.0950516134416826	
2.0209073521595005	
2.1018349196754773	
1.7263434513686076	
1.5781368989195512	
1.6661871708125093	
1.7387183970227977	
1.9387195873080603	
1.4671657917507683	
1.536755201149703	
1.0031080289738408	
1.2268039487412077	
0.6284466228324137	
0.5761970654693347	
0.009119873116409188	
-0.31724362626139	
-0.3906751202118952	
-0.4772755978785591	
-0.2444855571633231	
-0.8503816832497468	
-0.6966428146765555	
-1.4288719562901702	
-1.624672762427143	
-0.9322568458929987	
-1.155494558351534	
-1.445692902791134	
-0.6688122911013586	
-0.6024663184846581	
-1.0387338585231873	
-0.6587985008445055	
-0.8282359161592894	
-0.9280181890525442	
-0.7076511872013731	
-0.46150856037812205	
-0.33962602632998856	
-0.10295171428539543	
0.27441285441368873	
-0.24729017137115647	
-0.5553836103839789	
0.12153618097241638	
-0.14286532076777947	
-0.15294807497677795	
-0.19154323035165893	
-0.2034929464959848	
-0.6335518144948605	
-0.3138480124591839	
-0.08053610013487539	
-0.2478429736002463	
-0.30635912432470314	
-0.36711588755438407	
-0.700435502829636	
-1.0720879705763398	
-0.9302576419213868	
-1.444126396851161	
-1.2936408752479291	
-1.6068938939401458	
-1.5969071138805846	
-1.5671508853604523	
-2.067729483328546	
-1.6859029952400117	
-1.6169412139851336	
-1.7953761204059	
-1.847100397811752	
-1.5739312154885585	
-1.5285374407600862	
-1.003221393549646	
-1.569031553224593	
-0.8846013109319125	
-0.9186497528576474	
-0.7517097200644184	
-0.13830126078428734	
-0.29909670593479004	
0.599155973122007	
0.25713252773712586	
0.6123601984342542	
0.6737198043784903	
0.248259962788558	
1.265002894956385	
0.9270427012061402	
0.9044138374114645	
1.439611085143974	
1.8813749438655138	
1.8711071236980525	
1.9057433794054082	
2.0437531817880377	
2.006757497212513	
1.220257232627175	
1.5596433829777883	
1.6801527739745454	
1.283847297989509	
1.0427367353111199	
0.4516876475725006	
0.8120221599269959	
0.6014658180926421	
0.6208966391966202	
0.5147153493595956	
0.06672866383923692	
0.04615226703199243	
-0.1702873516431937	
-0.10769168950574737	
0.19865469893893264	
0.13519733925008662	
-0.6326025208185476	
0.011843210697827691	
0.033642638804798924	
0.1759164691654103	
-0.11773003389804995	
0.03744288337382201	
0.16374793629679302	
0.1463471627784525	
0.4417760850683824	
0.49145093510940646	
0.7043618106329088	
0.8490714989073312	
0.8062578712855176	
1.040544882283571	
0.5098155459677354	
1.3275768641552315	
0.8854683243897163	
0.9534903879222394	
1.0688368815174576	
1.405814649195981	
1.0351525773896868	
1.3026282194785825	
1.1059374014470185	
0.6972166026934999	
0.6095803325725816	
-0.007947873327225241	
-0.32394145462562274	
0.2745789449910784	
-0.5425292425574149	
-0.17344943028355936	
-0.6352977022819055	
-0.9724033756080559	
-1.23446564052132	
-1.273970979189815	
-1.1362040244956202	
-1.430407992673846	
-1.4946170260068796	
-2.057320620905368	
-1.8923648097027028	
-2.183318988279271	
-1.8535818295488429	
-1.7538249383008466	
-1.3126598051635843	
-1.6759298938257712	
-1.5596225972173516	
-1.8562239634138422	
-1.4801123739514161	
-0.7780284813566943	
-1.0886289929459276	
-0.8745285221288567	
-0.8138877872311986	
-0.8554385138074727	
-0.3582329939478954	
-0.4172755954172065	
-0.47709209536593006	
0.14427126516656033	
0.16589024050627083	
0.12468738214057369	
0.5678335377731424	
0.4721471627007644	
0.5869452004409839	
0.6026359703578754	
0.22154070938079348	
0.3353732493859999	
0.3520972873377688	
0.5573970803881498	
0.38696076496895554	
0.6889717726486877	
-0.12100243779165504	
-0.24214560161868887	
-0.2159019687058186	
-0.02555157012280901	
-0.3713473186234909	
-0.231913802275318	
-0.7823149346343209	
0.25404573887213416	
-0.24603660123319115	
-0.2168545336595763	
-0.6449547747024396	
-0.3766503456373697	
-0.6332908299731091	
-0.012490866325098104	
-0.23467982476098823	
-0.1258567295522522	
-0.13277028840569324	
0.20374579131526127	
0.560577515057761	
0.8425426575076753	
0.6579772082780972	
1.0872918569591665	
1.0291323204095464	
1.189306759872611	
1.0938472968541193	
1.6239358962909969	
2.0776331090843425	
1.239779869996401	
1.7537855738608945	
1.9804656926487938	
1.736960203574292	
1.8528722690519923	
1.7306479120051774	
1.919867771067942	
1.7925155178974843	
1.5442444239006774	
1.2962113650377658	
1.651357305938042	
1.2733709551784063	
0.7860531507839268	
0.9963684785604067	
0.5117759635756469	
0.33790208972203933	
0.4926725118871352	
0.38337114234937303	
-0.27112609137435756	
-0.21007596436248366	
-0.9011765820491102	
-0.7989459727240996	
-0.7567319695171483	
-0.8300862714688222	
-0.6854504480802726	
-0.7150245513982693	
-1.3879442886450706	
-1.0291098996991366	
-0.6675037014067737	
-1.3842987596664778	
-0.8576943591884965	
-1.008249108264771	
-0.7633118043245577	
-0.5984815475556523	
-0.6626721549417915	
-0.5379077109809451	
-0.3112200675484925	
-0.49932196176664007	
-0.10230956535004615	
0.00267395875796593	
0.049167999069535465	
0.15775069071640033	
0.35198459737533533	
0.0954894955076748	
-0.2027138005534479	
0.4854141520756997	
-0.011611655807937308	
-0.2065037950675545	
-0.4981604620856661	
-0.30779649636488243	
-0.3663569085676866	
-0.40383255004762286	
-0.8138649003338553	
-0.8410774771543991	
-1.155558606424359	
-1.3087732065440514	
-0.9609684778686477	
-0.9316756603630911	
-1.526565221812587	
-1.6863403501106886	
-1.8617416791244352	
-1.8169112567850525	
-1.4195782579524008	
-1.2950670817993113	
-1.6559259562433015	
-1.6009026191380944	
-1.7060175104007729	
-1.2024177490163572	
-0.8958360153958417	
-1.042618015745661	
-0.8024720475126532	
-0.7331041647327071	
-0.694618692553072	
-0.16192864836976317	
-0.06768079038148427	
0.7294723751530163	
0.3322323373719517	
0.38882027413823095	
0.7488297640784263	
1.0643053320317972	
0.7862145312891058	
1.1235158957851228	
1.4132348694908488	
1.7331173162562719	
1.6173155837108684	
1.433939160488151	
1.8451862104296264	
1.6206225569761894	
1.3786034637578328	
2.00657799385731	
1.4877782154146573	
1.390042150375985	
1.09402282770646	
0.9963808581811303	
0.8473918580670252	
1.0169480263054322	
0.4453083241141363	
0.9927276661042197	
0.14843216269016346	
0.14750250283824382	
0.12531243834225314	
0.09790358037619673	
-0.0864538140888742	
-0.08725207212344652	
0.008380039678316166	
-0.74266194858854	
-0.30561692429400567	
0.009918984460928666	
-0.09488594388763753	
0.48303535883721505	
-0.2558291849321573	
0.38996953331819073	
0.6752501820721611	
0.2271016696242417	
0.2584084588058389	
0.712017601466014	
0.6913932631810654	
0.9307082876238422	
1.2251076950303514	
0.7292791974722193	
0.7996424321038311	
1.2683328383564094	
1.5003989490269105	
1.3814106555910788	
1.019673364080174	
1.270300616336865	
0.7984756436159454	
0.7956986133487569	
0.6908152954469331	
0.539237539888077	
0.579732441279525	
-0.349082505002795	
-0.15477026477517133	
-0.5210885128410057	
0.14169919936923392	
-0.5211903105709077	
-1.0646636054387932	
-0.8387077655406461	
-1.2963728058018447	
-1.779223289549407	
-1.4809277730419201	
-1.4990590440657379	
-1.7520418144286378	
-1.8174476207557397	
-1.823158020914517	
-1.7725818525962922	
-1.6933213591018428	
-1.873386549849314	
-2.202577220068581	
-1.87571976798916	
-1.8046751694475807	
-1.6699245896248107	
-1.7499342738201151	
-1.2623398113640782	
-1.0967064393981976	
-0.9525049108742694	
-0.5424970111045073	
-0.8995731021461503	
-0.24661371030826124	
-0.17500174650807485	
-0.3782903047411093	
0.059398911587760436	
0.6570737861573426	
0.39249229918652034	
-0.10624990387212074	
0.5802381860024741	
0.6974668519076959	
0.24883378583210378	
0.5845502441241612	
0.44941469939468354	
0.6821757488277377	
0.5537856530935676	
0.35359413008930335	
0.11510800627406603	
-0.15977664436806951	
-0.10265960956052117	
-0.22270262270067048	
-0.3719665235649657	
-0.19606184571803623	
-0.09177451682625126	
-0.5802636929375226	
-0.37791428034985164	
-0.7494824391755224	
-0.19600415198314575	
-0.8846254979824308	
0.13463932623427194	
-0.09262632769434243	
0.0912066849023418	
0.14969380449116387	
0.05501121968549622	
0.6545260211095791	
0.5614689459947347	
0.3178187703190505	
0.4667656351518091	
1.0285482616448114	
1.0408297111705511	
1.7157799726532579	
1.6181440668963856	
1.550384995040917	
1.577658545072598	
1.511623111379488	
1.8251187561093098	
1.5864570028989193	
1.6246382728771203	
1.9308934032155334	
1.8998853872831838	
1.6020122516610016	
1.5096257989360926	
2.13901013029077	
1.996113150300021	
1.7193355646404684	
1.3295443937212807	
0.9870992286207361	
1.1235083212144978	
0.5487808789328825	
0.666893251001123	
0.5675216200528359	
-0.2701338335663436	
-0.08956115898868604	
-0.5966262930499769	
-0.4156156466136224	
-0.5755858648316876	
-0.7012665849221582	
-0.6266450953453747	
-0.9443984465605368	
-1.2851102272250285	
-1.070711702380583	
-1.4042381721849158	
-0.8156043183030445	
-0.9529161029698329	
-0.4834874737411322	
-0.8947480066687964	
-0.8731522754197267	
-0.8128748405212392	
-0.21843670914611146	
-0.583924136168711	
-0.20908036751657613	
-0.011598184747208362	
-0.12880728682115108	
-0.05778593225167995	
0.028410697720290035	
-0.10746894290345796	
0.1943961561724887	
0.3927828476960324	
0.27555808434509454	
0.1848103003880987	
0.1552853447360321	
-0.08933958146949343	
-0.18307998936184064	
-0.25098777489429097	
-0.38514414607271735	
-0.6856655395050012	
-0.5313166151891401	
-0.7734531592161165	
-0.9799528205290298	
-1.035027574634327	
-0.9468935542962141	
-1.0426793955038942	
-1.4930402803971183	
-1.3156036104640547	
-1.8485424717958612	
-1.6295224033043676	
-1.5595773064800762	
-1.7532269636680196	
-1.2880761010934894	
-1.7627347122819594	
-1.143844391108856	
-1.6675100126186768	
-1.3507061388448498	
-1.014821720542035	
-1.3916014118531388	
-0.5772596289913329	
-0.4625822666735707	
-0.5210574041565258	
0.11804522218725934	